1:30517578125
2:17 17 17 18 18 18 18 18 18 18 18 18 18 18 18
2:17 17 17 17 18 18 18 18 18 18 18 18 18 18 19
2:17 17 17 17 17 18 18 18 18 18 18 18 18 19 19
2:17 17 17 17 17 18 18 18 18 18 18 18 18 18 20
2:17 17 17 17 17 17 18 18 18 18 18 18 19 19 19
2:17 17 17 17 17 17 18 18 18 18 18 18 18 19 20
2:17 17 17 17 17 17 18 18 18 18 18 18 18 18 21
2:17 17 17 17 17 17 17 18 18 18 18 19 19 19 19
2:17 17 17 17 17 17 17 18 18 18 18 18 19 19 20
2:17 17 17 17 17 17 17 18 18 18 18 18 18 19 21
3:
4:
5:
6: